Name,Created Date,Description,Imported From: Filename,Imported From: Path,Sequence,Sequence List Name,URN
MG871415.1,Fri Feb 14 07:26:18 PST 2025,"Influenza A virus (A/Anthropoides virgo/Baicheng/220/2014(H9N2)) segment 1 polymerase PB2 (PB2) gene, complete cds",,,AGCGAAAGCAGGTCAAATATATTCAATATGGAAAGAATAAAAGAACTAAGAGATTTGATGTCACAGTCTCGCACTCGCGAGATACTGACAAAAACAACAGTGGACCATATGGCCATAATCAAGAAATATACATCGGGAAGACAGGAGAAGAATCCTGCCCTTAGGATGAAGTGGATGATGGCGATGAGATATCCAATTACAGCAGACAAAAGGATAATGGAGATGATCCCGGAAAGAAATGAGCAAGGTCAGACCCTTTGGAGCAAGACAAATGATGCCGGATCAGACAGGGTGATGGTGTCACCTCTGGCTGTGACGTGGTGGAACAGAAATGGACCAACGGCAAGTACAGTCCATTATCCAAAGGTCTACAAAACCTATTTTGAAAAGGTCGAAAGGCTAAAACATGGAACCTTTGGCCCCGTTCACTTCCGAAACCAGGTTAAAATACGCCGCAGGGTCGACATAAACCCAGGCCATGCAGATCTTAGTGCTAAAGAAGCACAAGATGTCATCATGGAGGTCGTATTCCCAAACGAAGTAGGAGCCAGAATACTGACATCAGAGTCACAGTTAACGATAACCAAGGAAAAGAAGGAGGAGCTTCAGGACTGCAAAATTGCCCCTTTAATGGTGGCATACATGTTGGAGAGAGAACTGGTTCGCAAAACAAGATTTCTACCAGTAGCTGGAGGGACAAGCAGTGTGTATATCGAAGTGTTGCATTTGACCCAAGGGACCTGCTGGGAGCAAATGTACACACCGGGAGGGGAAGTGAGAAATGATGATGTTGATCAAAGTTTAATTATTGCTGCTAGAAATATTGTTAGAAGAGCAACAGTATCAGCAGACCCGTTGGCTTCGCTTTTGGAGATGTGCCATAGTACACAGATTGGGGGGGTTAGGATGGTTGACATCCTTAGACAAAACCCAACAGAGGAACAGGCTGTGGATATATGCAAAGCAGCAATGGGTCTAAGGATCAGTTCATCCTTCAGCTTTGGAGGTTTCACTTTCAAAAGGACAAGTGGGTCATCTGTCAAAAGGGAAGAAGAAGTGCTCACAGGCAACCTCCAAACATTGAAAATAAGAGTACATGAAGGATATGAGGAATTCACAATGGTCGGGCGAAGAGCAACAGCCATTCTAAGGAAAGCAACCAGAAGACTGATTCAACTGATAGTGAGTGGGAAAGACGAGCAATCAATCGCCGAGGCAATCATAGTGGCAATGGTGTTCTCACAAGAGGATTGTATGATAAAGGCAGTGAGAGGTGATTTGAACTTTGTCAACAGAGCGAACCAGCGGCTAAATCCCATGCATCAACTCCTGAGGCATTTCCAAAAGGACGCAAAGGTCCTGTTTCAAAACTGGGGAATTGAGCCCATTGACAATGTAATGGGGATGATCGGAATATTGCCTGACATGACCCCCAGCACAGAGATGTCCTTGAGAGGAGTGAGAGTTAGTAAAATGGGAGTAGATGAATATTCCAGTACTGAGAGAGTGGTCGTGAGTATTGATCGTTTCTTGAGGGTCCGAGACCAGAGAGGAAACATACTCCTGTCTCCTGAAGAGGTTAGTGAAACACAGGGAACAGAAAAGCTGACTATAACATATTCATCATCCTTGATGTGGGAAATCAATGGCCCGGAATCAGTGCTAGTTAACACATATCAATGGATCATTAGAAATTGGGAAACTGTAAAGATTCAATGGTCCCAGGACCCTACAATGCTATACAATAAGATGGAATTTGAACCCTTTCAATCCCTAGTGCCTAAAGCTGCCAGAGGCCAATATAGTGGATTCGTAAGGGTCCTATTCCAGCAGATGCGTGACGTACTGGGGACATTCGACACTGTCCAAATAATAAAGCTATTACCATTTGCATCAGCCCCGCCGGAGCAGAGTAGGATGCAGTTCTCTTCTCTAACTGTGAACGTGAGAGGTTCAGGAATGAGAGTAGTTGTGAGAGGCAATTCTCCTGTGTTCAACTACAACAAGGCAACCAGGAGGCTTACAGTGCTTGGAAAGGATGCAGGTGCATTAATGGAAGACCCAGACGAGGGAACAGCAGGAGTGGAATCTGCAGTATTGAGAGGATTTCTGATTCTAGGCAAAGAAGACAAAAGATATGGGCCAGCATTGAGCATCAACGAGTTGAGCAATCTTGCGAAAGGGGAAAAGGCTAATGTGTTGATAGGGCAAGGAGACGTGGTGTTGGTAATGAAACGGAAACGGGACTCTAGCATACTTACTGACAGTCAGACAGCGACCAAAAGGATTCGGATGGCCATCAATTAATGTCGAATTATTTAAAAACGACCTTGTT,GCA_038731205.1_ASM3873120v1_genomic,
MG871416.1,Fri Feb 14 07:26:18 PST 2025,"Influenza A virus (A/Anthropoides virgo/Baicheng/220/2014(H9N2)) segment 2 polymerase PB1 (PB1) and PB1-F2 protein (PB1-F2) genes, complete cds",,,AGCGAAAGCAGGCAAACCATTTGAATGGATGTCAATCCGACTTTACTGTTCTTGAAAGTGCCAGTGCAAAATGCTATAAGTACCACGTTCCCTTACACTGGAGACCCTCCATACAGCCATGGAACAGGAACAGGATACACCATGGACACAGTCAACAGAACACACAAATACTCAGAAAAAGGAAAGTGGGCAACGAACACAGAGACTGGAGCACCCCAACTCAATCCGATTGATGGACCATTGCCTGAGGACAACGAGCCAAGTGGGTATGCACAAACGGATTGTGTATTGGAAGCAATGGCTTTCCTCGAAGAATCTCACCCAGGGATTTTTGAAAACTCGTGTCTCGAAACGATGGAAATTGTCCAACAAACAAGAGTGGACAAACTGACCCAAGGCCGCCAGACCTATGACTGGACGTTGAATAGAAATCAGCCGGCTGCTACTGCATTGGCCAACACTATAGAGGTATTCAGATTGAATGGCCTGACAGCCAATGAATCAGGAAGGTTGATCGATTTCCTCAAGGATGTGATGGATTCAATGGATAAAGAAGAAATGGAGATTACAACACATTTCCAGAGGAAGAGGAGAGTGAGGGACAACATGACCAAAAAAATGGTAACACAGAGAACAATAGGGAAGAAAAAACAAAGACTGAACAAAAGGAGCTACCTAATAAGAGCACTGACATTGAATACAATGACAAAGGACGCGGAAAGAGGCAAGTTGAAAAGGAGGGCAATCGCAACGCCCGGGATGCAAATCAGAGGATTCGTGTACTTTGTAGAAGCACTAGCGAGGAGCATCTGTGAGAAACTTGAGCAATCTGGCCTACCTGTAGGAGGGAATGAGAAAAAAGCTAAACTGGCAAATGTTGTGAGGAAAATGATGACTAATTCACAAGATACAGAGCTCTCCTTCACAATTACAGGAGACAACACCAAATGGAATGAGAACCAAAACCCCCGGATGTTTCTAGCAATGATAACATACATAACAAGAAACCAGCCAGAATGGTTTAGAAATGTCTTAAGCATTGCTCCTATAATGTTCTCAAACAAGATGGCGAGGTTAGGGAAAGGATACATGTTCGAAAGTAAGAGTATGAAGTTACGGACACAAGTACCAGCGGAAATGCTCGCAAATATTGACCTGAAATACTTCAACAAATCAACAAGAGAGAAAATCGAGAAAATAAGACCTCTACTGATAGATGGCACAGCCTCATTGAGTCCTGGAATGATGATGGGTATGTTCAACATGTTGAGTACAGTTTTAGGAGTTTCAATTCTGAATCTCGGGCAGAAAAAGTACACCAAAACCACATATTGGTGGGATGGACTCCAATCCTCAGATGACTTCGCACTCATAGTGAATGCACCGAATCATGAGGGAATACAGGCAGGAGTGGACAGGTTCTATAGAACCTGCAAACTAGTTGGGATAAACATGAGCAAGAAGAAATCTTACATAAACCGGACAGGAACATTTGAATTCACAAGCTTTTTCTACCGTTATGGATTCGTAGCCAACTTCAGTATGGAGTTGCCAAGTTTTGGAGTGTCTGGGATCAACGAGTCAGCAGACATGAGCATTGGTGTTACTGTAATAAAGAACAATATGATAAACAACGATCTTGGACCAGCAACTGCTCAGATGGCCCTTCAGCTATTTATCAAAGACTACAGATACACATACCGATGTCACAGGGGTGATACGCAGATTCAAACGAGGAGAGCATTCGAGCTGAAGAAACTGTGGGAGCAGACCCGCTCGAAAGCAGGACTGTTGGTTTCAGATGGAGGGCCAAACTTGTACAATATCCGGAACCTCCACATTCCAGAGGTCTGCTTGAAATGGGAATTGATGGATGAAGACTATCAAGGCAGGCTGTGTAACCCTACGAACCCATTTGTCAGTCATAAGGAAATTGATTCAGTCAACAATGCTGTGGTGATGCCCTCTCATGGCCCAGCCAAAAGCATGGAGTATGATGCCGTTGCAACTACACATTCATGGATTCCTAAGAGGAATCGCTCCATCCTCAACACCAGCCAAAGGGGGATTCTTGAGGATGAACAGATGTACCAGAAGTGCTGCAATCTATTCGAAAAGTTCTTCCCAAGCAGTTCATACCGGAGGCCAGTTGGAATTTCCAGCATGGTGGAGGCCATGGTGTCTAGGGCCCGAATTGATGCACGAATTGACTTCGAATCTGGAAGGATTAAGAAAGAAGAGTTTGCTGAGATCATGAAGATCTGTTCCACCATTGAAGAGCTCAGACGGCAGAAATAGTGAATTTAGCTTGTCCTTCATGAAAAAATGCCTTGTTTCTACT,GCA_038731205.1_ASM3873120v1_genomic,
MG871417.1,Fri Feb 14 07:26:18 PST 2025,"Influenza A virus (A/Anthropoides virgo/Baicheng/220/2014(H9N2)) segment 3 polymerase PA (PA) and PA-X protein (PA-X) genes, complete cds",,,AGCGAAAGCAGGTACTGATCCAAAATGGAAGACTTTGTGCGACAATGCTTCAATCCAATGATCGTCGAGCTTGCGGAAAAGGCAATGAAAGAATATGGGGAAGATCCGAAAATCGAAACAAACAAATTCGCATCAATATGCACACACTTAGAAGTCTGCAGCGAAAGCAGGTACTGATCCAAAATGGAAGACTTTGTGCGACAATGCTTCAATCCAATGATCGTCGAGCTTGCGGAAAAGGCAATGAAAGAATATGGGGAAGATCCGAAAATCGAAACAAACAAATTCGCATCAATATGCACACACTTAGAAGTCTGCTTCATGTACTCTGATTTCCACTTCATCGACGAACGAGGCGAATCAACTATTATAGAATCTGGCGATCCAAATGCGTTGTTGAAACACCGATTTGAAATAATCGAAGGGAGAGACCGAACAATGGCCTGGACAGTGGTGAATAGTATCTGCAACACCACTGGAGTCGAAAAACCCAAATTTCTCCCGGATCTGTATGACTACAAGGAAAACCGATTCATTGAAATTGGAGTGACGAGGAGGGAAGTCCACATATATTACCTAGAGAAAGCCAATAAGATAAAATCCGAGAAGACACACATCCACATTTTCTCATTCACTGGGGAAGAGATGGCCACCAAAGCAGATTATACTCTTGACGAAGAAAGCAGGGCAAGAATCAAAACCAGGCTGTTCACCATAAGGCAGGAAATGGCCAGCAGGGGTCTATGGGATTCCTTTCGTCAGTCCGAAAGAGGCGAAGAAACAATTGAAGAAAGATTTGAAATCACAGGAACCATGCGCAGGCTTGCCGACCAAAGTCTCCCACCGAACTTCTCCAGCCTTGAAAACTTTAGAGCCTATGTGGATGGATTCGAACCGAATGGCTGCATTGAGGGCAAGCTTTCTCAAATGTCAAAAGAAGTGAACGCCAGAATAGAGCCATTTCTAAAGACAACACCACGCCCTCTCAGATTGCCTAATGGGCCCCCCTGTTCTCAGCGGTCGAAATTCTTGCTGATGGATGCTCTGAAATTAAGCATTGAGGACCCGAGCCACGAAGGGGAGGGGATACCGCTATATGATGCGATCAAATGCATGAAAACTTTCTTCGGGTGGAAAGAGCCCAACATCATCAAACCACATGAGAAAGGCATAAACCCCAATTATCTCCTGACTTGGAAGCAGGTGCTAGCAGAACTTCAGGACATTGAAAATGAAGAGAAGATTCCAAGGACAAAGAACATGAAAAAAACAAGCCAATTAAAGTGGGCACTCGGTGAGAACATGGCACCGGAGAAGGTGGACTTTGAGGATTGCAAAGATGTCAACGATCTGAAACAGTACGACAGTGATGAGCCCGAGCCCAGATCACTAGCATGTTGGATCCAGAATGAATTCAACAAGGCATGTGAATTGACTGATTCAAGCTGGGTAGAACTTGATGAAATAGGGGAAGATGTTGCCCCAATCGAACACATTGCAAGCATGAGACGGAACTATTTTACAGCAGAAGTGTCCCACTGCAGGGCTACTGAATACATAATGAAGGGAGTGTACATAAATACAGCTTTGCTCAATGCATCTTGTGCAGCCATGGATGACTTTCAACTGATTCCAATGATAAGTAAATGCAGAACCAAAGAAGGAAGACGGAAAACAAACCTATATGGATTCATTATAAAAGGAAGATCTCATTTGAGGAATGATACCGATGTGGTAAACTTTGTAAGTATGGAATTTTCCCTTACCGACCCAAGGTTGGAACCACATAAATGGGAAAAGTATTGTGTTCTTGAAATAGGGGATATGCTCCTGCGAACTGCAGTAGGCCAAGTGTCAAGACCCATGTTTCTGTATGTGAGAACCAATGGGACCTCCAAGATCAAGATGAAATGGGGTATGGAAATGAGACGCTGCCTTCTTCAATCTCTCCAACAGATTGAGAGCATGATTGAAGCTGAATCCTCCGTCAAAGAGAAAGACCTGACCAAAGAATTCTTTGAAAACAAATCAGAAACATGGCCAATTGGAGAATCACCTAAGGGAGTGGAGGAAGGTTCCATCGGGAAGGTGTGCAGAACCTTACTAGCAAAATCTGTATTCAATAGCCTATATGCGTCTCCGCAACTCGAGGGGTTCTCAGCTGAATCGAGAAAACTGCTACTCATTGTTCAGGCGCTTAGGGATAACCTGGAACCTGGAACCTTCGATCTTGAAGGGCTATATGAAGCAATCGAGGAGTGCCTGATTAATGATCCCTGGGTTTTGCTTAATGCATCTTGGTTCAACTCCTTCCTCACACATGCACTAAGATAGTTGTGGCAATGCTACTATTTGCTATCCATACTGTCCAAAAAAGTACCTTGTTTCTACT,GCA_038731205.1_ASM3873120v1_genomic,
MG871418.1,Fri Feb 14 07:26:18 PST 2025,"Influenza A virus (A/Anthropoides virgo/Baicheng/220/2014(H9N2)) segment 4 hemagglutinin (HA) gene, complete cds",,,GGAATTTCACAACCACTCAAGATGAAGACCGCATCACTGATAACTATACTACTAGCAGTAACAGTAAGCAATGCAGATAAGATCTGCATCGGCTATCAATCAACAAACTCCACAGAAACTGTAGACACACTAACAGAAAACAATGTCCCTGTGACACATGCCAAAGAACTGCTCCACACAGAGCATAATGGGATGTTGTGTGCAACAAGCTTGGGACACCCTCTTATTCTAGACACCTGTACCATTGAAGGACTAATCTATGGCAATCCTTCTTGTGACCTATTGTTGGGAGGAAGAGAATGGTCCTATATCGTCGAGAGACCATCAGCTGTTAACGGATTGTGTTATCCCGGGAATGTAGAAAATCTAGAAGAGCTAAGGTCACTTTTTAGTTCTGCTAGATCTTACCAAAGAATCCAGATTTTCCCAGACACAATCTGGAATGTGTCTTACAGTGGGACAAGCAAAGCATGTTCAGATTCATTCTACAGAAGCATGAGATGGTTGACTCAAAAGAACAACGCTTACCCTATTCAAGACGCCCAATACACAAATAATCAAGGAAAGAACATTCTTTTCGTGTGGGGCATAAATCACCCGCCCACCGATACTGTGCAGACAAATCTGTACACAAGAACCGACACAACAACGAGTGTGGCAACAGAAGAAATAAATAGGACCTTCAAACCATTGATAGGACCAAGGCCTCTTGTCAACGGTTTGATGGGAAGAATTAATTATTATTGGTCGGTATTAAAACCGGGTCAAACACTGCGAATAAAATCTGATGGGAATCTAATAGCTCCATGGTATGGACACATTCTTTCAGGAGAGAGCCACGGAAGAATCCTGAAGACTGATTTAAAAAGGGGTAGCTGCACAGTGCAATGTCAGACAGAGAAGGGTGGCTTAAACACAACATTGCCATTCCAAAATGTGAGTAAGTATGCATTTGGAAACTGCTCAAAATACATTGGCATAAAGAGTCTCAAACTTGCAGTTGGTCTGAGGAATGTGCCTTCTAGATCTAGTAGAGGACTATTCGGGGCCATAGCAGGATTCATAGAGGGAGGTTGGTCAGGACTTGTTGCTGGTTGGTATGGATTCCAGCATTCAAATGACCAAGGGGTTGGTATGGCAGCAGATAGAGACTCAACACAAAAGGCAATTGATAAAATAACATCCAAAGTGAATAACATAGTCGACAAAATGAACAAGCAGTATGAAATTATTGATCATGAATTCAGCGAGGTTGAAACTAGACTTAACATGATCAATAATAAGATTGATGATCAAATCCAAGATATATGGGCTTATAATGCAGAATTGCTAGTTCTGCTTGAAAACCAGAAAACACTCGATGAGCATGATGCAAATGTAAACAATCTATATAATAAAGTGAAGAGGGCGTTGGGTTCCAATGCGGTGGAAGATGGGAAAGGATGTTTCGAGCTATATCACAAATGTGATGACCAGTGCATGGAGACAATTCGGAACGGGACCTACAACAGAAGGAGGTATCAAGAGGAGTCAAAATTAGAAAGACAGAAAATAGAGGGGGTCAAGCTGGAATCTGAAGGAACTTACAAAATCCTCACCATTTATTCGACTGTCGCCTCATCTCTTGTGATTGCAATGGGGTTTGCTGCCTTCTTGTTCTGGGCCATGTCCAATGGGTCTTGCAGATGCAACATTTGTATATAATAAG,GCA_038731205.1_ASM3873120v1_genomic,
MG871419.1,Fri Feb 14 07:26:18 PST 2025,"Influenza A virus (A/Anthropoides virgo/Baicheng/220/2014(H9N2)) segment 5 nucleocapsid protein (NP) gene, complete cds",,,ATGGCGTCTCAAGGCACCAAACGATCCTATGAACAGATGGAAACTGGTGGGGAACGCCAGAATGCTACTGAGATCAGGGCATCTGTTGGAAGAATGGTTAGCGGCATTGGGAGATTCTACATACAGATGTGTACAGAACTCAAGCTCAGTGACAATGAAGGGAGACTGATTCAGAACAGTATAACAATAGAGAGAATGGTACTCTCTGCATTTGATGAAAGAAGGAACAGATACCTGGAAGAGCACCCCAGTGCAGGAAAGGACCCTAAGAAAACTGGAGGTCCAATTTACAGGAGGAGAGACGGAAAATGGGTGAGAGAGCTGATCTTGTATGACAAAGAGGAAATCAGGAGAATTTGGCGACAAGCGAACAATGGAGAGGATGCAACTGCTGGTCTTACCCATCTGATGATATGGCATTCCAACCTGAATGATGCCACCTATCAGAGAACGAGAGCTCTCGTGCGTACTGGAATGGATCCCCGGATGTGCTCTCTGATGCAAGGATCAACTCTCCCGAGGAGATCTGGAGCTGCAGGTGCAGCAGTGAAGGGGATAGGAACAATGGTGATGGAACTGATTCGGATGATAAAACGAGGGATCAACGACCGGAATTTCTGGAGAGGCGAAAATGGAAGAAGGACAAGGATTGCATACGAGAGGATGTGCAACATCCTCAAAGGTAAATTCCAAACAGCAGCACAAAGGGCAATGGTGGATCAAGTGCGAGAGAGCAGAAATCCTGGGAATGCTGAAATAGAAGATCTTATTTTTCTGGCAAGGTCTGCACTCATCCTGAGAGGATCAGTGGCTCATAAATCCTGCTTGCCTGCTTGTGTGTATGGACTTGCAGTGGCCAGTGGATATGACTTTGAGAGAGAAGGGTACTCCCTGGTTGGAATAGATCCTTTCCGTCTGCTTCAAAACAGCCAGGTCTTTAGTCTCATTAGACCAAATGAGAACCCAGCACATAAGAGCCAATTAGTGTGGATGGCATGCCACTCAGCAGCGTTTGAGGACCTTAGGGTCTCAAGTTTTATTAGAGGGACAAGAATGGTCCCAAGAGGACAGTTATCCACTAGAGGGGTTCAAATTGCTTCAAATGAGAACATAGAAGCAATGGACTCCAATACTCTTGAACTGAGAAGTAGATATTGGGCTATAAGAACCAGAAGCGGAGGGAACACCAACCAACAGAGGGCATCTGCAGGACAGGTCAGCGTTCAACCCACTTTCTCAGTACAGAGAAATCTTCCCTTCGAAAGAGCAACCATTATGGCAGCATTTACAGGAAATACTGAGGGTAGAACGTCTGACATGAGGACTGAAATCATAAGAATGATGGAAAGTGCCAGACCAGAAGATGTGTCATTCCAGGGGCGGGGAGTCTTCGAGCTCTCGGACGAAAAGGCAACGAACCCGATCGTGCCTTCCTTTGACATGAATAATGAAGGATCTTATTTCTTCGGAGACAATGCAGAGGAGTATGACAATTGA,GCA_038731205.1_ASM3873120v1_genomic,
MG871420.1,Fri Feb 14 07:26:18 PST 2025,"Influenza A virus (A/Anthropoides virgo/Baicheng/220/2014(H9N2)) segment 6 neuraminidase (NA) gene, complete cds",,,ATGAATCCAAATCAGAAGATAATAGCAATTGGCTCTGTTTCTCTAACCATTGCGATAATATGTTTTCTCATGCAGATTGCCATCTTAACAACGACCATGACACTACATTTTAGGCAGAATGAATGCAGCAATCCATCGAATAATCAAGTGATGCCATGTGAACCTATCATAATAGAGAAGAACACAGTGCATTTGAATAGTACTACCATAGAGAAGGAAATTTGTCCTAAAGTGGCAGAATACAAGAATTGGTCAAAACCACAATGTCAAATCACAGGGTTCGCTCCTTTCTCAAAAGACAACTCAATTAGGCTTTCTGCAGGTGGAGATATCTGGGTGACAAGAGAACCTTATGTGTCGTGCAGTCTTGGCAAATGTTATCAATTTGCACTTGGGCAGGGAACCACTCTGAAAAACAAGCACTCAAATGGCACTACACATGATAGAATTCCTCACAGAACTCTCCTAATGAATGAGTTAGGTGTCCCATTTCATTTGGGAACCAAACAAGTGTGCATAGCATGGTCTAGTTCAAGCTGCCATGATGGGAAAGCATGGTTACATATTTGTGTAACTGGGGATGATAAAAATGCTACTGCTAGTATCATTTATGATGGGATGCTGGCTGACAGTATTGGTTCATGGTCCAAAAACATCCTAAGAACCCAGGAGTCGGAATGCGTTTGCATCAATGGAACTTGTGCAGTGGTAATGACTGATGGAAGTGCGTCAGGAAGGGCTGACACTAGAATATTATTCATAAGAGAGGGGAAAATTATAAATATTAGCCCATTGTCAGGAAGTGCTCAGCATGTGGAGGAATGTTCCTGTTACCCCCGGTATCCTGAAGTTAGGTGTGTTTGCAGGGACAACTGGAAGGGCTCCAATAGACCCGTTCTAAATATAAATATGGCAGATTATAGTATTGAGTCCAGTTATGTGTGCTCAGGACTTGTTGGAGACACACCAAGAGATGATGATAGCTCCAGCAGCAGTAACTGTAGAGACCCTAATAACGAAAGAGGGGCCCCGGGAGTGAAAGGGTGGGCTTTCGACGATGGGAATGACATTTGGATGGGACGAACAATCAAAAGTGATTCACGTTCAGGTTATGAGACTTTTAGGGTCGTTAATGGTTGGACCACGGCTAATTCCAAGTCACAGGTAAATAGGCAAGTCATAGTTGACAGTGACAGCTGGTCTGGGTATTCTGGTATCTTCTCTGTTGAAGGCAAGAACTGTATCAACAGGTGTTTTTATGTGGAGTTGACAAGAGGGAGACCACAGGAGACCAGAGTGTGGTGGACTTCAAACAGCATCATTGTATTCTGTGGAACCTCAGGTACATATGGAACAGGCTCATGGCCTGATGGAGCGAATATCGACCTCATGCCTATATAA,GCA_038731205.1_ASM3873120v1_genomic,
MG871421.1,Fri Feb 14 07:26:18 PST 2025,"Influenza A virus (A/Anthropoides virgo/Baicheng/220/2014(H9N2)) segment 7 matrix protein 2 (M2) and matrix protein 1 (M1) genes, complete cds",,,AGCAAAAGCAGGTAGATGTTTAGAGATGAGTCTTCTAACCGAGGTCGAAACGTACGTTCTCTCTATCATTCCATCAGGCCCCCTCAAAGCCGAGATCGCGCAGAGACTTGAGGATGTTTTTGCAGGGAAGAACGCAGATCTTGAGGCACTCATGGAGTGGATAAAGACAAGACCAATCCTGTCACCTCTGACCAAGGGGATTTTAGGATTTGTGTTCACGCTCACCGTGCCCAGTGAGCGAGGACTGCAGCGTAGACGGTTTGTCCAAAACGCCCTAAATGGGAATGGAGACCCAAACAACATGGACAAGGCAGTTAAATTATACAAGAAACTGAAGAGGGAAATGACATTTCATGGAGCAAAGGAAGTTGCACTCAGTTACTCAACTGGTGCGCTTGCCAGCTGCATGGGTCTTATATACAACAGGATGGGGACAGTAACCGCAGAAGGGGCTCTTGGATTAGTATGTGCCACTTGTGAGCAGATTGCTGACGCACAACATCGGTCCCACCGGCAGATGGCGACTACTACCAACCCACTAATTAGGCATGAGAATAGAATGGTACTAGCCAGCACTACGGCTAAGGCTATGGAGCAGATGGCTGGATCAAGTGAACAGGCAGCGGAAGCTATGGAAGTCGCAAGTCAGGCTAGGCAAATGGTGCAGGCTATGAGAACAGTCGGGACTCACCCTAACTCCAGTACAGGTCTAAAGGATGATCTTATTGAAAATTTGCAGGCTTACCAGAACCGGATGGGAGTGCAACTGCAGCGGTTCAAGTGATCCTCTCGTTGTTGCAGCTAACATTATTGGGATGTTGCACTTGATATTGTGGATTCTTGATCGTCTTTTCTTCAAATGCATTTATCGTCGCTTTAAATACGGTTTGAAAAGAGGGCCTTCTACGGAAGGAATGCCTGAGTCTATGAGGGAAGAATATCGGCAGGAACAGCAGAATGCTGTGGATGTTGACGATGGTCATTTTGTCAACATAGAGCTGAAGTAAAAAA,GCA_038731205.1_ASM3873120v1_genomic,
MG871422.1,Fri Feb 14 07:26:18 PST 2025,"Influenza A virus (A/Anthropoides virgo/Baicheng/220/2014(H9N2)) segment 8 nuclear export protein (NEP) and nonstructural protein 1 (NS1) genes, complete cds",,,ATGGATTCCAACACTGTGTCAAGCTTCCAGGTAGATTGCTTTCTTTGGCATGTCCGCAAACGATTTGCAGACCAAGAACTGGGTGATGCCCCATTTCTAGACCGGCTTCGCCGGGATCAGAAGTCCCTGAGAGGAAGAAGCAGCACTCTTGGTCTGGACATCAGAACAGCAACTCGTGAAGGAAAGAATATAGTGGAGCGAATTTTGGAGGAAGAGTCAGACGAAGCATTTAAAATGACTATTGCTTCAGTCCCAGCTCCACGCTATATAACTGACATGACTCTTGAAGAAATGTCAAGAGATTGGTTAATGCTCATTCCCAAACAGAAAGTGACAGGGTCCCTTTGTATTAGAATGGACCAAGCAATAGTGGACAAAACCATCACATTGAAAGCAAATTTCAGTGTGATTTTCAGTCGACTGGAAGCCCTAATACTACTTAGAGCTTTTACAGATGAAGGAGCAATAGTGGGCGAAATCTCACCATTACCTTCTCTTCCAGGACATACTGACAAGGATGTCAAAAATGCAATTGGGGTCCTCATCGGAGGATTTGAATGGAATGATAACACAGTTCGAGTCTCTGAAACTCTACAGAGATTTGCTTGGAGAAGCAGCGATGAGGATGGGGGACCTCCACTCTCTCCAAAGTAGGAACGGGAAATGGAGAGAACAATTAAGCCAGAAGTTCGAAGAAATAAGATGGTTGATTGAAGAAGTACGACATAGGTTAAAGATTACAGAGAATAGCTTTGAACAAATAACTTTTATGCAAGCCTTACAACTATTGCTTGAAGTGGAGCAAGAGATAAGAACTTTCTCGTTTCAGCTTATTTAA,GCA_038731205.1_ASM3873120v1_genomic,
